11111111111111111111111111111111111111111111111111
11111111111111111111111111111111111111111111111111
11111111111111111111111111111111111111111111111111
11111111111111111111111111111111111111111111111111
11111111111111111111111111111111111111111111111111
11111111111111111111111141441111111111111111111111
11114411114411111111411110001411111111111111111111
11111111111111111141100111111141111111111111111111
21111111111111111111111111111114111111111111111113
00000000001100000000000011000011000000110000110000
